11455
11 455
11 455
11 455
11 455
11 555-5
11 515
11555
11 555
11555
11 555
11 555
11 555
11 515
11 555
11 555
11 555
11 545
11 555-5
11 555
11 555
11 555-5
11 555
11 555
11 555
11 155
11 555
11 555
11 145
11 555
11 155
11 115
11 155
11555
11 555
11 555
11555
11 555
11 555
11555
11 545
11555
11 555
11 515
11 555

24

12. 15. 16
55

22. 42
14. 17

15

11 555-5
11 555
11 89,6
11 555
11 555
11 555
11 515
11 515
11 555
11 545
11 555-5
11 555
11 555
11 555
111515
111555
111555
111555
111555
111545
111555
111555
111555
111555
111555
111155
1111155
111115
111115
111145
111155
111155
111155
1111554
111155
11 1115-5
111155
111155
111155
111555
111515
111555
111555
111545

11 1555

 

